sim:
  dt: 0.001
  ctr_dt: 0.001
  time_end: 10
mech:
  m1: 0.280
  mr: 0.035
  ms: 0.008
  l: 0.3048
  r: 0.0188
  r3: 0.0181
  b: 1.0
  Jm: 2.12e-5
  g: 9.81
elec:
  kt: 0.065
  R: 1.38
  kb: 0.065
  Bm: 1.21e-5
ctrl:
  K: [-11.949841, -10.272218, 17.298045, 2.645009]
  sat_limit: 24
init:
  x: 0.2 # m
  xd: 0
  th: 5 # Degrees
  thd: 0