sim:
  dt: 0.001
  ctr_dt: 0.001
  time_end: 10
mech:
  m1: 0.277
  m2: 0.069
  m3: 0.009
  L: 0.6096
  r: 0.0191
  r3: 0.0127
  b: 0.1
  Jm: 2.12e-5
  g: 9.81
elec:
  kt: 0.065
  R: 1.38
  kb: 0.065
  Bm: 1.21e-5
ctrl:
  K: [1., 0.95425908, -1.00477956, -1.06011656]
init:
  x: 0.2 # m
  xd: 0
  th: 5 # Degrees
  thd: 0