sim:
  dt: 0.001
  ctr_dt: 0.001
  time_end: 10
mech:
  m1: 0.280
  mr: 0.069
  ms: 0.011
  l: 0.6096
  r: 0.0188
  r3: 0.0181
  b: 0.1
  Jm: 2.73852e-05
  g: 9.81
elec:
  kt: 0.065
  R: 1.38
  kb: 0.065
  Bm: 1.21e-5
ctrl:
  K: [-0.314716, -7.157848, 18.40385, 3.91579]
init:
  x: 0.2 # m
  xd: 0
  th: 5 # Degrees
  thd: 0