sim:
  dt: 0.001
  ctr_dt: 0.001
  time_end: 10
mech:
  m1: 0.277
  mr: 0.069
  ms: 0.009
  l: 0.6096
  r: 0.0191
  r3: 0.0127
  b: 0.1
  Jm: 2.12e-5
  g: 9.81
elec:
  kt: 0.065
  R: 1.38
  kb: 0.065
  Bm: 1.21e-5
ctrl:
  #K: [30.20949703, 23.71371402, 94.93061785, -9.94629714]
  K: [29.21413192, 24.12018189, 100.78018064, -1.44048738]
init:
  x: 0.2 # m
  xd: 0
  th: 5 # Degrees
  thd: 0